14 14
208 14
2816 14
28672 14
28 28
194 28
266 28
656 28
2368 28
2564 28
4102 28
8272 28
14336 28
17152 28
20608 28
24584 28
30 30
210 30
270 30
720 30
2820 30
2880 30
4110 30
8400 30
19200 30
28680 30
28800 30
30720 30
74 74
88 74
134 74
148 74
448 74
524 74
776 74
896 74
2054 74
2128 74
2306 74
2576 74
4288 74
6656 74
8204 74
10496 74
12292 74
12352 74
16394 74
16528 74
20482 74
20992 74
24592 74
24832 74
76 76
140 76
196 76
200 76
400 76
522 76
2058 76
2192 76
2320 76
2432 76
2562 76
2568 76
4176 76
4864 76
8198 76
8960 76
12544 76
12800 76
16390 76
16464 76
20496 76
20544 76
24578 76
24580 76
78 78
142 78
212 78
216 78
464 78
526 78
2062 78
2256 78
2818 78
2824 78
2832 78
2944 78
4304 78
6912 78
8206 78
11008 78
16398 78
16592 78
28674 78
28676 78
28688 78
28736 78
28928 78
29184 78
90 90
150 90
780 90
960 90
2310 90
2640 90
12300 90
12480 90
20490 90
23040 90
24720 90
26880 90
92 92
156 92
198 92
202 92
778 92
912 92
2314 92
2384 92
2496 92
2566 92
2572 92
2704 92
12294 92
12368 92
14592 92
14848 92
20486 92
20624 92
20672 92
21248 92
24586 92
24588 92
24656 92
25344 92
94 94
158 94
214 94
218 94
782 94
976 94
2318 94
2768 94
2822 94
2828 94
2896 94
3008 94
12302 94
12496 94
20494 94
23296 94
24784 94
27392 94
28682 94
28684 94
28816 94
28864 94
30976 94
31232 94
204 204
2448 204
2570 204
13056 204
20560 204
24582 204
206 206
220 206
2512 206
2574 206
2826 206
2960 206
15104 206
20688 206
24590 206
28678 206
28752 206
29440 206
222 222
2830 222
3024 222
28686 222
28880 222
31488 222
280 280
642 280
2116 280
4116 280
4354 280
6272 280
8258 280
8720 280
10248 280
16520 280
16704 280
16900 280
282 282
284 282
658 282
706 282
2372 282
2628 282
4118 282
4124 282
4358 282
4362 282
8274 282
8386 282
8784 282
8848 282
14344 282
14464 282
17156 282
17216 282
18752 282
18948 282
20616 282
22656 282
24712 282
26632 282
286 286
722 286
2884 286
4126 286
4366 286
8402 286
8912 286
19204 286
19264 286
28808 286
30728 286
30848 286
328 328
386 328
536 328
644 328
2068 328
2114 328
4162 328
4228 328
4612 328
4736 328
6146 328
6208 328
8212 328
8264 328
8456 328
8512 328
10244 328
10256 328
16408 328
16514 328
16642 328
16768 328
16904 328
16912 328
330 330
450 330
540 330
660 330
2370 330
2580 330
4230 330
4290 330
6150 330
6660 330
8220 330
8280 330
10320 330
10560 330
14340 330
14400 330
16650 330
17040 330
17160 330
17280 330
20610 330
21120 330
24600 330
24840 330
332 332
402 332
538 332
708 332
2324 332
2626 332
4178 332
4236 332
4868 332
6154 332
8214 332
8392 332
9024 332
10384 332
12552 332
12928 332
16646 332
16976 332
18816 332
18952 332
20504 332
22592 332
24706 332
26628 332
334 334
466 334
542 334
724 334
2836 334
2882 334
4238 334
4306 334
6158 334
6916 334
8222 334
8408 334
10448 334
11072 334
16654 334
17104 334
19208 334
19328 334
28696 334
28802 334
28936 334
29312 334
30724 334
30784 334
344 344
646 344
792 344
898 344
2118 344
2132 344
4244 344
6336 344
6402 344
6784 344
8266 344
10252 344
10504 344
10768 344
12308 344
12354 344
16522 344
16536 344
16832 344
16908 344
20738 344
20996 344
24896 344
25104 344
346 346
662 346
796 346
962 346
2374 346
2644 346
4246 346
6406 346
8282 346
10832 346
12316 346
12482 346
14348 346
14528 346
17164 346
17344 346
20618 346
20746 346
23044 346
23168 346
24728 346
25232 346
26888 346
26944 346
348 348
710 348
794 348
914 348
2388 348
2630 348
4252 348
6410 348
8394 348
10896 348
12310 348
12370 348
14600 348
14976 348
18880 348
18956 348
20632 348
20742 348
21252 348
22720 348
24714 348
25168 348
25408 348
26636 348
350 350
726 350
798 350
978 350
2886 350
2900 350
4254 350
6414 350
8410 350
10960 350
12318 350
12498 350
19212 350
19392 350
20750 350
23300 350
25296 350
27456 350
28810 350
28824 350
30732 350
30912 350
30984 350
31360 350
390 390
600 390
840 390
900 390
2070 390
2130 390
4170 390
4620 390
4800 390
6720 390
8340 390
8460 390
8640 390
10500 390
12360 390
12420 390
16410 390
16530 390
18690 390
18960 390
21000 390
22530 390
24960 390
26640 390
392 392
648 392
2072 392
2120 392
2178 392
2180 392
4164 392
4416 392
4480 392
4610 392
4624 392
6160 392
8260 392
8450 392
8464 392
8708 392
8712 392
10242 392
16404 392
16450 392
16456 392
16516 392
16656 392
16898 392
394 394
664 394
2076 394
2242 394
2376 394
2692 394
4166 394
4614 394
4752 394
6464 394
8276 394
8458 394
8528 394
10756 394
14338 394
14352 394
16412 394
16578 394
17154 394
17168 394
20612 394
20864 394
24648 394
25096 394
396 396
712 396
2074 396
2194 396
2436 396
2632 396
4172 396
4618 396
4688 396
4928 396
8388 396
8454 396
8592 396
8964 396
12672 396
12808 396
16406 396
16466 396
18704 396
18946 396
20552 396
22544 396
24708 396
26626 396
398 398
728 398
2078 398
2258 398
2888 398
2948 398
4174 398
4622 398
4816 398
6976 398
8404 398
8462 398
8656 398
11012 398
16414 398
16594 398
19202 398
19216 398
28744 398
28804 398
29056 398
29192 398
30722 398
30736 398
404 404
452 404
586 404
588 404
2322 404
2578 404
4184 404
4296 404
4872 404
6664 404
8326 404
8332 404
9088 404
10624 404
12548 404
12864 404
18438 404
18442 404
18512 404
18576 404
20498 404
21056 404
24594 404
24836 404
406 406
602 406
844 406
964 406
2326 406
2642 406
4186 406
4876 406
8342 406
9152 406
12428 406
12488 406
12556 406
12992 406
18694 406
19024 406
20506 406
22538 406
23048 406
23104 406
24722 406
26768 406
26884 406
27008 406
408 408
650 408
2124 408
2244 408
2328 408
2690 408
4180 408
4866 408
6288 408
6528 408
8262 408
8976 408
10250 408
10760 408
12546 408
12816 408
16524 408
16584 408
16720 408
16902 408
20500 408
20800 408
24642 408
25092 408
410 410
666 410
2332 410
2380 410
2754 410
2756 410
4182 410
4870 410
8278 410
9040 410
12554 410
12944 410
14346 410
14480 410
17158 410
17232 410
20508 410
20620 410
22848 410
22912 410
24770 410
24776 410
27140 410
27144 410
412 412
714 412
2330 412
2500 412
2636 412
2706 412
4188 412
4874 412
8390 412
9104 412
12550 412
12880 412
14720 412
14856 412
18768 412
18950 412
20502 412
20680 412
21312 412
22672 412
24658 412
24716 412
25348 412
26634 412
414 414
730 414
2334 414
2770 414
2892 414
3012 414
4190 414
4878 414
8406 414
9168 414
12558 414
13008 414
19206 414
19280 414
20510 414
23360 414
24786 414
27396 414
28812 414
28872 414
30730 414
30864 414
31104 414
31240 414
454 454
604 454
842 454
916 454
2386 454
2582 454
4298 454
6668 454
8348 454
10688 454
12376 454
12422 454
14596 454
14912 454
18698 454
19088 454
20626 454
21184 454
21256 454
22534 454
24602 454
24844 454
25472 454
26704 454
456 456
652 456
2122 456
2196 456
2434 456
2584 456
4292 456
4992 456
6224 456
6658 456
8268 456
8968 456
10246 456
10512 456
12608 456
12804 456
16472 456
16518 456
16784 456
16906 456
20546 456
21008 456
24596 456
24834 456
458 458
668 458
2378 458
2498 458
2588 458
2708 458
4294 458
6662 458
8284 458
10576 458
14342 458
14416 458
14656 458
14852 458
17162 458
17296 458
20614 458
20674 458
21136 458
21376 458
24604 458
24664 458
24842 458
25352 458
460 460
716 460
2450 460
2452 460
2586 460
2634 460
4300 460
6666 460
8396 460
10640 460
13060 460
13064 460
13120 460
13184 460
18832 460
18954 460
20562 460
20568 460
21072 460
22608 460
24598 460
24710 460
24838 460
26630 460
462 462
732 462
2514 462
2590 462
2890 462
2964 462
4302 462
6670 462
8412 462
10704 462
15108 462
15168 462
19210 462
19344 462
20690 462
21200 462
24606 462
24846 462
28760 462
28806 462
29448 462
29568 462
30726 462
30800 462
468 468
590 468
2834 468
4312 468
6920 468
8334 468
11136 468
18446 468
18640 468
28690 468
28932 468
29248 468
470 470
606 470
846 470
980 470
2838 470
2898 470
4314 470
6924 470
8350 470
11200 470
12430 470
12504 470
18702 470
19152 470
22542 470
23304 470
26832 470
27520 470
28698 470
28818 470
28940 470
29376 470
30980 470
31296 470
472 472
654 472
2126 472
2260 472
2840 472
2946 472
4308 472
6352 472
6914 472
7040 472
8270 472
10254 472
11016 472
11024 472
16526 472
16600 472
16848 472
16910 472
28692 472
28738 472
28930 472
28992 472
29188 472
29200 472
474 474
670 474
2382 474
2772 474
2844 474
3010 474
4310 474
6918 474
8286 474
11088 474
14350 474
14544 474
17166 474
17360 474
20622 474
23424 474
24792 474
27400 474
28700 474
28866 474
28938 474
29328 474
31040 474
31236 474
476 476
718 476
2516 476
2638 476
2842 476
2962 476
4316 476
6922 476
8398 476
11152 476
15112 476
15232 476
18896 476
18958 476
20696 476
22736 476
24718 476
26638 476
28694 476
28754 476
28934 476
29264 476
29444 476
29504 476
478 478
734 478
2846 478
2894 478
3026 478
3028 478
4318 478
6926 478
8414 478
11216 478
19214 478
19408 478
28702 478
28814 478
28882 478
28888 478
28942 478
29392 478
30734 478
30928 478
31492 478
31496 478
31552 478
31616 478
856 856
902 856
2134 856
6848 856
10508 856
12362 856
12436 856
16538 856
21004 856
22786 856
25024 856
27152 856
858 858
860 858
918 858
966 858
2390 858
2646 858
12378 858
12438 858
12444 858
12490 858
14604 858
15040 858
20634 858
21260 858
22790 858
22794 858
23052 858
23232 858
24730 858
25536 858
26892 858
27072 858
27216 858
27280 858
862 862
982 862
2902 862
12446 862
12506 862
22798 862
23308 862
27344 862
27584 862
28826 862
30988 862
31424 862
904 904
2136 904
2182 904
4544 904
6672 904
8716 904
10498 904
12356 904
16458 904
16532 904
20994 904
24848 904
906 906
920 906
2140 906
2246 906
2392 906
2694 906
6592 906
6800 906
10506 906
10764 906
12358 906
12372 906
14594 906
14864 906
16540 906
16586 906
20628 906
20928 906
20998 906
21250 906
24650 906
24912 906
25100 906
25360 906
908 908
968 908
2138 908
2198 908
2438 908
2648 908
5056 908
6736 908
8972 908
10502 908
12364 908
12484 908
12736 908
12812 908
16474 908
16534 908
20554 908
21002 908
23042 908
23056 908
24724 908
24976 908
26882 908
26896 908
910 910
984 910
2142 910
2262 910
2904 910
2950 910
6864 910
7104 910
10510 910
11020 910
12366 910
12500 910
16542 910
16602 910
21006 910
23298 910
25040 910
27408 910
28746 910
28820 910
29120 910
29196 910
30978 910
31248 910
922 922
2396 922
2758 922
12374 922
14602 922
14992 922
20636 922
21254 922
22976 922
24778 922
25424 922
27148 922
924 924
970 924
2394 924
2502 924
2652 924
2710 924
12380 924
12486 924
14598 924
14784 924
14860 924
14928 924
20630 924
20682 924
21258 924
21440 924
23046 924
23184 924
24666 924
24732 924
25356 924
25488 924
26890 924
26960 924
926 926
986 926
2398 926
2774 926
2908 926
3014 926
12382 926
12502 926
14606 926
15056 926
20638 926
21262 926
23302 926
23488 926
24794 926
25552 926
27404 926
27472 926
28828 926
28874 926
30986 926
31168 926
31244 926
31376 926
972 972
2454 972
2650 972
12492 972
13068 972
13248 972
20570 972
23050 972
23120 972
24726 972
26886 972
27024 972
974 974
988 974
2518 974
2654 974
2906 974
2966 974
12494 974
12508 974
15116 974
15296 974
20698 974
23054 974
23248 974
23306 974
24734 974
26894 974
27088 974
27536 974
28762 974
28822 974
29452 974
29632 974
30982 974
31312 974
990 990
2910 990
3030 990
12510 990
23310 990
27600 990
28830 990
28890 990
30990 990
31440 990
31500 990
31680 990
2184 2184
4368 2184
8706 2184
16452 2184
2186 2186
2188 2186
2200 2186
2248 2186
2440 2186
2696 2186
4432 2186
4496 2186
4880 2186
6416 2186
8710 2186
8714 2186
8962 2186
10754 2186
12560 2186
12802 2186
16454 2186
16460 2186
16468 2186
16580 2186
20548 2186
20752 2186
24644 2186
25090 2186
2190 2190
2264 2190
2952 2190
4560 2190
6928 2190
8718 2190
11010 2190
16462 2190
16596 2190
28740 2190
28944 2190
29186 2190
2202 2202
2444 2202
2760 2202
4944 2202
8966 2202
12688 2202
12810 2202
16470 2202
20556 2202
22800 2202
24772 2202
27138 2202
2204 2204
2250 2204
2442 2204
2504 2204
2700 2204
2712 2204
5008 2204
6480 2204
8970 2204
10758 2204
12624 2204
12806 2204
14608 2204
14850 2204
16476 2204
16582 2204
20550 2204
20676 2204
20880 2204
21264 2204
24652 2204
24660 2204
25098 2204
25346 2204
2206 2206
2266 2206
2446 2206
2776 2206
2956 2206
3016 2206
5072 2206
6992 2206
8974 2206
11014 2206
12752 2206
12814 2206
16478 2206
16598 2206
20558 2206
23312 2206
24788 2206
27394 2206
28748 2206
28868 2206
29072 2206
29194 2206
30992 2206
31234 2206
2252 2252
2456 2252
2698 2252
6544 2252
10762 2252
13058 2252
13072 2252
16588 2252
20564 2252
20816 2252
24646 2252
25094 2252
2254 2254
2268 2254
2520 2254
2702 2254
2954 2254
2968 2254
6608 2254
7056 2254
10766 2254
11018 2254
15106 2254
15120 2254
16590 2254
16604 2254
20692 2254
20944 2254
24654 2254
25102 2254
28742 2254
28756 2254
29008 2254
29190 2254
29442 2254
29456 2254
2270 2270
2958 2270
3032 2270
7120 2270
11022 2270
16606 2270
28750 2270
28884 2270
29136 2270
29198 2270
31490 2270
31504 2270
2458 2458
2460 2458
2508 2458
2714 2458
2762 2458
2764 2458
13062 2458
13066 2458
13136 2458
13200 2458
14736 2458
14858 2458
20566 2458
20572 2458
20684 2458
21328 2458
22864 2458
22928 2458
24662 2458
24774 2458
24780 2458
25350 2458
27142 2458
27146 2458
2462 2462
2778 2462
3020 2462
13070 2462
13264 2462
20574 2462
23376 2462
24790 2462
27398 2462
28876 2462
31120 2462
31242 2462
2506 2506
2716 2506
14672 2506
14854 2506
20678 2506
21392 2506
24668 2506
25354 2506
2510 2510
2522 2510
2718 2510
2780 2510
2972 2510
3018 2510
14800 2510
14862 2510
15110 2510
15184 2510
20686 2510
20694 2510
21456 2510
23440 2510
24670 2510
24796 2510
25358 2510
27402 2510
28764 2510
28870 2510
29450 2510
29584 2510
31056 2510
31238 2510
2524 2524
2766 2524
2970 2524
15114 2524
15248 2524
20700 2524
22992 2524
24782 2524
27150 2524
28758 2524
29446 2524
29520 2524
2526 2526
2782 2526
2974 2526
3022 2526
3034 2526
3036 2526
15118 2526
15312 2526
20702 2526
23504 2526
24798 2526
27406 2526
28766 2526
28878 2526
28886 2526
28892 2526
29454 2526
29648 2526
31184 2526
31246 2526
31494 2526
31498 2526
31568 2526
31632 2526
3038 3038
28894 3038
31502 3038
31696 3038
4370 4370
4372 4370
4376 4370
6280 4370
8722 4370
8770 4370
8834 4370
10376 4370
16708 4370
16964 4370
18500 4370
18568 4370
4374 4374
4378 4374
4380 4374
8786 4374
8850 4374
8898 4374
14472 4374
17220 4374
18756 4374
19012 4374
22664 4374
26760 4374
4382 4382
8914 4382
19268 4382
30856 4382
4418 4418
4482 4418
4628 4418
4738 4418
6164 4418
6212 4418
6274 4418
6276 4418
8472 4418
8514 4418
8724 4418
8728 4418
10264 4418
10306 4418
10308 4418
10312 4418
16664 4418
16706 4418
16712 4418
16776 4418
16916 4418
17026 4418
17028 4418
17032 4418
4420 4420
4488 4420
4626 4420
6168 4420
8466 4420
8772 4420
8840 4420
10370 4420
16660 4420
16962 4420
18504 4420
18564 4420
4422 4422
4490 4422
4630 4422
4754 4422
6172 4422
6468 4422
8474 4422
8530 4422
8788 4422
8856 4422
10434 4422
10820 4422
14360 4422
14466 4422
16668 4422
17090 4422
17172 4422
17218 4422
18760 4422
19076 4422
20872 4422
22660 4422
25224 4422
26696 4422
4424 4424
4484 4424
4632 4424
4674 4424
4676 4424
4744 4424
6162 4424
6216 4424
8468 4424
8516 4424
8578 4424
8584 4424
8776 4424
8836 4424
10258 4424
10372 4424
16658 4424
16772 4424
16914 4424
16968 4424
18452 4424
18456 4424
18498 4424
18562 4424
4426 4426
4486 4426
4636 4426
4802 4426
6166 4426
6724 4426
8476 4426
8642 4426
8792 4426
8852 4426
10322 4426
10564 4426
14408 4426
14468 4426
16666 4426
17042 4426
17224 4426
17284 4426
18754 4426
18964 4426
21128 4426
22658 4426
24968 4426
26648 4426
4428 4428
4492 4428
4634 4428
4690 4428
4932 4428
6170 4428
8470 4428
8594 4428
8900 4428
8904 4428
9028 4428
10386 4428
12680 4428
12936 4428
16662 4428
16978 4428
18708 4428
18820 4428
19010 4428
19016 4428
22552 4428
22600 4428
26754 4428
26756 4428
4430 4430
4494 4430
4638 4430
4818 4430
6174 4430
6980 4430
8478 4430
8658 4430
8916 4430
8920 4430
10450 4430
11076 4430
16670 4430
17106 4430
19220 4430
19266 4430
19272 4430
19332 4430
29064 4430
29320 4430
30744 4430
30792 4430
30850 4430
30852 4430
4434 4434
4498 4434
4884 4434
6282 4434
6284 4434
6420 4434
8726 4434
8730 4434
9026 4434
10392 4434
10440 4434
10818 4434
12568 4434
12930 4434
16710 4434
16716 4434
16980 4434
17092 4434
18824 4434
19080 4434
20760 4434
22596 4434
25218 4434
26692 4434
4436 4436
4504 4436
4882 4436
6296 4436
6424 4436
6536 4436
8774 4436
8842 4436
8978 4436
10378 4436
10882 4436
10888 4436
12562 4436
12818 4436
16724 4436
16966 4436
18508 4436
18572 4436
18628 4436
18632 4436
20756 4436
20804 4436
25154 4436
25156 4436
4438 4438
4506 4438
4886 4438
6428 4438
8790 4438
8858 4438
9042 4438
10946 4438
12570 4438
12946 4438
14474 4438
14488 4438
17222 4438
17236 4438
18764 4438
19140 4438
20764 4438
22668 4438
22852 4438
22920 4438
25282 4438
26824 4438
27204 4438
27272 4438
4440 4440
4500 4440
4888 4440
6344 4440
6418 4440
6792 4440
8778 4440
8838 4440
9090 4440
10380 4440
10632 4440
10770 4440
12564 4440
12866 4440
16836 4440
16972 4440
18502 4440
18516 4440
18570 4440
18584 4440
20754 4440
21060 4440
24900 4440
25106 4440
4442 4442
4502 4442
4892 4442
6422 4442
8794 4442
8854 4442
9154 4442
10834 4442
12572 4442
12994 4442
14476 4442
14536 4442
17228 4442
17348 4442
18758 4442
19028 4442
20762 4442
22666 4442
23108 4442
23176 4442
25234 4442
26776 4442
26948 4442
27016 4442
4444 4444
4508 4444
4890 4444
6426 4444
8902 4444
8906 4444
9106 4444
10898 4444
12566 4444
12882 4444
14728 4444
14984 4444
18772 4444
18884 4444
19014 4444
19020 4444
20758 4444
21316 4444
22680 4444
22728 4444
25170 4444
25412 4444
26762 4444
26764 4444
4446 4446
4510 4446
4894 4446
6430 4446
8918 4446
8922 4446
9170 4446
10962 4446
12574 4446
13010 4446
19270 4446
19276 4446
19284 4446
19396 4446
20766 4446
23364 4446
25298 4446
27460 4446
30858 4446
30860 4446
30872 4446
30920 4446
31112 4446
31368 4446
4546 4546
6278 4546
6676 4546
8732 4546
10328 4546
10562 4546
14404 4546
16714 4546
17044 4546
17288 4546
21122 4546
24856 4546
4548 4548
4552 4548
5000 4548
6232 4548
6674 4548
6680 4548
8780 4548
8844 4548
9096 4548
10374 4548
10514 4548
10626 4548
12612 4548
12868 4548
16788 4548
16970 4548
18506 4548
18520 4548
18566 4548
18580 4548
21010 4548
21058 4548
24850 4548
24852 4548
4550 4550
4554 4550
6678 4550
6684 4550
8796 4550
8860 4550
10578 4550
10690 4550
14424 4550
14470 4550
14660 4550
14916 4550
17226 4550
17300 4550
18762 4550
19092 4550
21138 4550
21186 4550
21384 4550
22662 4550
24858 4550
24860 4550
25480 4550
26712 4550
4556 4556
6682 4556
8908 4556
10642 4556
13124 4556
13192 4556
18836 4556
19018 4556
21074 4556
22616 4556
24854 4556
26758 4556
4558 4558
6686 4558
8924 4558
10706 4558
15172 4558
19274 4558
19348 4558
21202 4558
24862 4558
29576 4558
30808 4558
30854 4558
4562 4562
6286 4562
6932 4562
8734 4562
10456 4562
11074 4562
16718 4562
17108 4562
19336 4562
28952 4562
29314 4562
30788 4562
4564 4564
4568 4564
6360 4564
6930 4564
6936 4564
7048 4564
8782 4564
8846 4564
10382 4564
11026 4564
11138 4564
11144 4564
16852 4564
16974 4564
18510 4564
18574 4564
18644 4564
18648 4564
28946 4564
28948 4564
28996 4564
29202 4564
29250 4564
29252 4564
4566 4566
4570 4566
6934 4566
6940 4566
8798 4566
8862 4566
11090 4566
11202 4566
14478 4566
14552 4566
17230 4566
17364 4566
18766 4566
19156 4566
22670 4566
23432 4566
26840 4566
27528 4566
28954 4566
28956 4566
29330 4566
29378 4566
31044 4566
31300 4566
4572 4572
6938 4572
8910 4572
11154 4572
15240 4572
18900 4572
19022 4572
22744 4572
26766 4572
28950 4572
29266 4572
29508 4572
4574 4574
6942 4574
8926 4574
11218 4574
19278 4574
19412 4574
28958 4574
29394 4574
30862 4574
30936 4574
31556 4574
31624 4574
4678 4678
4760 4678
6472 4678
8532 4678
8586 4678
10884 4678
14354 4678
17170 4678
18460 4678
18626 4678
20868 4678
25160 4678
4682 4682
4684 4682
4696 4682
4808 4682
4936 4682
6728 4682
8582 4682
8588 4682
8596 4682
8644 4682
9092 4682
10628 4682
12676 4682
12872 4682
18454 4682
18458 4682
18514 4682
18578 4682
18706 4682
18962 4682
21064 4682
22546 4682
24964 4682
26642 4682
4686 4686
4824 4686
6984 4686
8590 4686
8660 4686
11140 4686
18462 4686
18642 4686
19218 4686
29060 4686
29256 4686
30738 4686
4692 4692
4746 4692
4930 4692
6220 4692
6290 4692
6532 4692
8518 4692
8600 4692
8980 4692
10266 4692
10436 4692
10824 4692
12674 4692
12824 4692
16722 4692
16780 4692
16918 4692
17096 4692
18712 4692
19074 4692
20808 4692
22548 4692
25220 4692
26690 4692
4694 4694
4762 4694
4934 4694
6476 4694
8534 4694
8602 4694
9044 4694
10948 4694
12682 4694
12952 4694
14362 4694
14482 4694
17174 4694
17234 4694
18716 4694
19138 4694
20876 4694
22556 4694
22856 4694
22916 4694
25288 4694
26818 4694
27208 4694
27268 4694
4698 4698
4940 4698
8598 4698
9156 4698
12684 4698
13000 4698
18710 4698
19026 4698
22554 4698
23112 4698
26770 4698
27012 4698
4700 4700
4810 4700
4938 4700
6732 4700
8604 4700
8646 4700
9108 4700
10692 4700
12678 4700
12888 4700
14724 4700
14920 4700
18714 4700
18770 4700
18966 4700
19090 4700
21192 4700
21320 4700
22550 4700
22674 4700
24972 4700
25476 4700
26650 4700
26706 4700
4702 4702
4826 4702
4942 4702
6988 4702
8606 4702
8662 4702
9172 4702
11204 4702
12686 4702
13016 4702
18718 4702
19154 4702
19222 4702
19282 4702
22558 4702
23368 4702
26834 4702
27524 4702
29068 4702
29384 4702
30746 4702
30866 4702
31108 4702
31304 4702
4740 4740
6210 4740
8520 4740
10260 4740
16770 4740
16920 4740
4742 4742
4756 4742
6214 4742
6338 4742
6466 4742
6788 4742
8522 4742
8536 4742
10268 4742
10324 4742
10568 4742
10772 4742
14356 4742
14402 4742
16778 4742
16834 4742
16924 4742
17048 4742
17176 4742
17282 4742
20866 4742
21124 4742
24904 4742
25112 4742
4748 4748
4804 4748
4996 4748
6218 4748
6226 4748
6722 4748
8524 4748
8648 4748
9032 4748
10262 4748
10388 4748
10516 4748
12616 4748
12932 4748
16774 4748
16786 4748
16922 4748
16984 4748
18818 4748
18968 4748
21016 4748
22594 4748
24962 4748
26644 4748
4750 4750
4820 4750
6222 4750
6354 4750
6978 4750
7044 4750
8526 4750
8664 4750
10270 4750
10452 4750
11028 4750
11080 4750
16782 4750
16850 4750
16926 4750
17112 4750
19224 4750
19330 4750
29000 4750
29058 4750
29208 4750
29316 4750
30740 4750
30786 4750
4758 4758
6470 4758
8538 4758
10836 4758
14364 4758
14530 4758
17180 4758
17346 4758
20874 4758
23172 4758
25240 4758
26952 4758
4764 4764
4806 4764
6474 4764
6726 4764
8540 4764
8650 4764
10580 4764
10900 4764
14358 4764
14418 4764
14664 4764
14980 4764
17178 4764
17298 4764
18882 4764
18972 4764
20870 4764
21144 4764
21380 4764
22722 4764
24970 4764
25176 4764
25416 4764
26652 4764
4766 4766
4822 4766
6478 4766
6982 4766
8542 4766
8666 4766
10964 4766
11092 4766
14366 4766
14546 4766
17182 4766
17362 4766
19228 4766
19394 4766
20878 4766
23428 4766
25304 4766
27464 4766
29066 4766
29336 4766
30748 4766
30914 4766
31048 4766
31364 4766
4812 4812
6730 4812
8652 4812
10644 4812
13128 4812
13188 4812
18834 4812
18970 4812
21080 4812
22610 4812
24966 4812
26646 4812
4814 4814
4828 4814
6734 4814
6986 4814
8654 4814
8668 4814
10708 4814
11156 4814
15176 4814
15236 4814
18898 4814
18974 4814
19226 4814
19346 4814
21208 4814
22738 4814
24974 4814
26654 4814
29062 4814
29272 4814
29512 4814
29572 4814
30742 4814
30802 4814
4830 4830
6990 4830
8670 4830
11220 4830
19230 4830
19410 4830
29070 4830
29400 4830
30750 4830
30930 4830
31560 4830
31620 4830
4946 4946
4948 4946
6298 4946
6540 4946
8982 4946
9030 4946
10394 4946
10952 4946
12690 4946
12696 4946
12826 4946
12938 4946
16726 4946
16982 4946
18828 4946
19144 4946
20812 4946
22604 4946
22804 4946
22808 4946
25284 4946
26820 4946
27202 4946
27266 4946
4950 4950
9046 4950
12698 4950
12954 4950
14490 4950
17238 4950
22812 4950
22860 4950
22924 4950
27330 4950
27332 4950
27336 4950
4952 4952
6856 4952
9094 4952
10636 4952
12692 4952
12874 4952
18518 4952
18586 4952
21068 4952
22802 4952
25028 4952
27154 4952
4954 4954
4956 4954
9110 4954
9158 4954
12694 4954
12700 4954
12890 4954
13002 4954
14732 4954
15048 4954
18774 4954
19030 4954
21324 4954
22682 4954
22806 4954
22810 4954
23116 4954
23240 4954
25540 4954
26778 4954
27020 4954
27076 4954
27218 4954
27282 4954
4958 4958
9174 4958
12702 4958
13018 4958
19286 4958
22814 4958
23372 4958
27346 4958
27588 4958
30874 4958
31116 4958
31432 4958
4994 4994
6228 4994
6292 4994
6340 4994
6530 4994
6786 4994
8984 4994
10310 4994
10314 4994
10316 4994
10520 4994
10776 4994
12610 4994
12820 4994
16728 4994
16792 4994
16840 4994
17030 4994
17034 4994
17036 4994
20802 4994
21012 4994
24898 4994
25108 4994
4998 4998
6230 4998
6850 4998
6852 4998
9048 4998
10326 4998
10524 4998
10572 4998
12618 4998
12948 4998
14410 4998
14484 4998
16794 4998
17050 4998
17240 4998
17286 4998
21020 4998
21132 4998
22850 4998
22914 4998
25026 4998
25032 4998
27156 4998
27160 4998
5002 5002
6236 5002
6596 5002
6802 5002
9112 5002
10438 5002
10522 5002
10828 5002
12614 5002
12884 5002
14722 5002
14872 5002
16796 5002
17098 5002
18776 5002
19078 5002
20936 5002
21014 5002
21314 5002
22676 5002
24914 5002
25228 5002
25364 5002
26698 5002
5004 5004
5060 5004
6234 5004
6738 5004
9036 5004
9160 5004
10390 5004
10518 5004
12620 5004
12744 5004
12940 5004
12996 5004
16790 5004
16986 5004
18822 5004
19032 5004
21018 5004
22602 5004
23064 5004
23106 5004
24978 5004
26772 5004
26900 5004
27010 5004
5006 5006
6238 5006
6866 5006
7108 5006
9176 5006
10454 5006
10526 5006
11084 5006
12622 5006
13012 5006
16798 5006
17114 5006
19288 5006
19334 5006
21022 5006
23362 5006
25042 5006
27412 5006
29128 5006
29324 5006
30794 5006
30868 5006
31106 5006
31256 5006
5010 5010
6300 5010
6484 5010
6538 5010
8986 5010
10442 5010
10822 5010
10904 5010
12626 5010
12822 5010
14616 5010
14978 5010
16732 5010
17094 5010
18888 5010
19084 5010
20806 5010
20888 5010
21268 5010
22724 5010
25172 5010
25226 5010
25410 5010
26700 5010
5012 5012
6346 5012
6482 5012
6796 5012
9034 5012
10396 5012
10696 5012
10774 5012
12632 5012
12934 5012
14612 5012
14914 5012
16838 5012
16988 5012
18826 5012
19096 5012
20882 5012
21188 5012
21272 5012
22598 5012
24908 5012
25114 5012
25474 5012
26708 5012
5014 5014
6486 5014
9050 5014
10838 5014
12634 5014
12950 5014
14492 5014
14538 5014
14620 5014
15042 5014
17244 5014
17350 5014
20890 5014
21276 5014
22854 5014
22922 5014
23180 5014
23236 5014
25242 5014
25538 5014
26956 5014
27080 5014
27220 5014
27288 5014
5016 5016
6488 5016
6600 5016
6808 5016
9098 5016
10634 5016
10886 5016
10892 5016
12628 5016
12870 5016
14610 5016
14866 5016
18524 5016
18588 5016
18630 5016
18634 5016
20884 5016
20932 5016
21062 5016
21266 5016
24916 5016
25162 5016
25164 5016
25362 5016
5018 5018
6492 5018
9114 5018
10950 5018
12630 5018
12886 5018
14618 5018
14730 5018
14994 5018
15000 5018
18780 5018
19142 5018
20892 5018
21270 5018
21318 5018
22684 5018
22980 5018
22984 5018
25290 5018
25426 5018
25428 5018
26826 5018
27212 5018
27276 5018
5020 5020
6490 5020
9162 5020
10902 5020
12636 5020
12998 5020
14614 5020
14792 5020
14930 5020
14988 5020
18886 5020
19036 5020
20886 5020
21274 5020
21444 5020
22730 5020
23110 5020
23192 5020
25178 5020
25420 5020
25490 5020
26780 5020
26964 5020
27018 5020
5022 5022
6494 5022
9178 5022
10966 5022
12638 5022
13014 5022
14622 5022
15058 5022
19292 5022
19398 5022
20894 5022
21278 5022
23366 5022
23492 5022
25306 5022
25554 5022
27468 5022
27476 5022
30876 5022
30922 5022
31114 5022
31176 5022
31372 5022
31384 5022
5058 5058
6294 5058
6534 5058
6740 5058
8988 5058
10330 5058
10566 5058
10840 5058
12738 5058
12828 5058
14412 5058
14532 5058
16730 5058
17046 5058
17292 5058
17352 5058
20810 5058
21130 5058
23060 5058
23170 5058
24984 5058
25236 5058
26904 5058
26946 5058
5062 5062
6742 5062
9052 5062
10582 5062
12746 5062
12956 5062
14426 5062
14486 5062
14668 5062
15044 5062
17242 5062
17302 5062
21146 5062
21388 5062
22858 5062
22918 5062
23068 5062
23234 5062
24986 5062
25544 5062
26908 5062
27074 5062
27224 5062
27284 5062
5064 5064
6744 5064
9100 5064
10630 5064
12740 5064
12876 5064
18522 5064
18582 5064
21066 5064
23058 5064
24980 5064
26898 5064
5066 5066
6748 5066
9116 5066
10694 5066
12742 5066
12892 5066
14726 5066
14788 5066
14924 5066
14936 5066
18778 5066
19094 5066
21194 5066
21322 5066
21448 5066
22678 5066
23062 5066
23186 5066
24988 5066
25484 5066
25492 5066
26714 5066
26906 5066
26962 5066
5068 5068
6746 5068
9164 5068
10646 5068
12748 5068
13004 5068
13132 5068
13196 5068
13252 5068
13256 5068
18838 5068
19034 5068
21082 5068
22618 5068
23066 5068
23114 5068
23122 5068
23128 5068
24982 5068
26774 5068
26902 5068
27014 5068
27026 5068
27028 5068
5070 5070
6750 5070
9180 5070
10710 5070
12750 5070
13020 5070
15180 5070
15300 5070
19290 5070
19350 5070
21210 5070
23070 5070
23250 5070
23370 5070
24990 5070
26910 5070
27090 5070
27540 5070
29580 5070
29640 5070
30810 5070
30870 5070
31110 5070
31320 5070
5074 5074
6302 5074
6542 5074
6996 5074
8990 5074
10458 5074
10968 5074
11078 5074
12754 5074
12830 5074
16734 5074
17110 5074
19340 5074
19400 5074
20814 5074
23316 5074
25300 5074
27458 5074
29080 5074
29322 5074
30796 5074
30916 5074
31000 5074
31362 5074
5076 5076
6362 5076
6994 5076
7052 5076
9038 5076
10398 5076
11030 5076
11208 5076
12760 5076
12942 5076
16854 5076
16990 5076
18830 5076
19160 5076
22606 5076
23320 5076
26836 5076
27522 5076
29004 5076
29074 5076
29210 5076
29380 5076
30996 5076
31298 5076
5078 5078
6998 5078
9054 5078
11094 5078
12762 5078
12958 5078
14494 5078
14554 5078
17246 5078
17366 5078
22862 5078
22926 5078
23324 5078
23436 5078
27348 5078
27352 5078
27586 5078
27592 5078
29082 5078
29338 5078
31004 5078
31052 5078
31426 5078
31428 5078
5080 5080
6872 5080
7000 5080
7112 5080
9102 5080
10638 5080
11142 5080
11148 5080
12756 5080
12878 5080
18526 5080
18590 5080
18646 5080
18650 5080
21070 5080
23314 5080
25044 5080
27410 5080
29076 5080
29124 5080
29258 5080
29260 5080
30994 5080
31250 5080
5082 5082
7004 5082
9118 5082
11206 5082
12758 5082
12894 5082
14734 5082
15064 5082
18782 5082
19158 5082
21326 5082
22686 5082
23318 5082
23496 5082
25556 5082
26842 5082
27474 5082
27532 5082
29084 5082
29386 5082
31002 5082
31172 5082
31308 5082
31378 5082
5084 5084
7002 5084
9166 5084
11158 5084
12764 5084
13006 5084
15244 5084
15304 5084
18902 5084
19038 5084
22746 5084
23118 5084
23256 5084
23322 5084
26782 5084
27022 5084
27092 5084
27538 5084
29078 5084
29274 5084
29516 5084
29636 5084
30998 5084
31314 5084
5086 5086
7006 5086
9182 5086
11222 5086
12766 5086
13022 5086
19294 5086
19414 5086
23326 5086
23374 5086
27602 5086
27604 5086
29086 5086
29402 5086
30878 5086
30938 5086
31006 5086
31118 5086
31442 5086
31448 5086
31564 5086
31628 5086
31684 5086
31688 5086
6342 6342
6594 6342
6790 6342
6804 6342
10332 6342
10570 6342
10584 6342
10780 6342
14406 6342
14420 6342
14658 6342
14868 6342
16842 6342
17052 6342
17290 6342
17304 6342
20930 6342
21126 6342
21140 6342
21378 6342
24906 6342
24920 6342
25116 6342
25368 6342
6348 6348
6546 6348
6548 6348
6794 6348
10444 6348
10648 6348
10778 6348
10826 6348
13076 6348
13080 6348
13122 6348
13186 6348
16844 6348
17100 6348
18840 6348
19082 6348
20818 6348
20824 6348
21076 6348
22612 6348
24902 6348
25110 6348
25222 6348
26694 6348
6350 6350
6610 6350
6798 6350
7060 6350
10460 6350
10712 6350
10782 6350
11082 6350
15124 6350
15170 6350
16846 6350
17116 6350
19338 6350
19352 6350
20946 6350
21204 6350
24910 6350
25118 6350
29016 6350
29318 6350
29464 6350
29570 6350
30790 6350
30804 6350
6356 6356
7042 6356
10318 6356
11032 6356
16856 6356
17038 6356
28994 6356
29204 6356
6358 6358
6868 6358
7046 6358
7106 6358
10334 6358
10574 6358
11036 6358
11096 6358
14414 6358
14548 6358
16858 6358
17054 6358
17294 6358
17368 6358
21134 6358
23426 6358
25048 6358
27416 6358
29002 6358
29122 6358
29212 6358
29332 6358
31042 6358
31252 6358
6364 6364
6612 6364
7050 6364
7058 6364
10446 6364
10830 6364
11034 6364
11160 6364
15128 6364
15234 6364
16860 6364
17102 6364
18904 6364
19086 6364
20952 6364
22740 6364
25230 6364
26702 6364
28998 6364
29010 6364
29206 6364
29268 6364
29460 6364
29506 6364
6366 6366
7054 6366
7122 6366
7124 6366
10462 6366
11038 6366
11086 6366
11224 6366
16862 6366
17118 6366
19342 6366
19416 6366
29006 6366
29138 6366
29144 6366
29214 6366
29326 6366
29396 6366
30798 6366
30932 6366
31508 6366
31512 6366
31554 6366
31618 6366
6550 6550
10842 6550
13084 6550
13250 6550
14540 6550
17356 6550
20826 6550
23124 6550
23178 6550
25238 6550
26950 6550
27032 6550
6552 6552
10890 6552
13074 6552
18636 6552
20820 6552
25158 6552
6554 6554
6556 6554
10906 6554
10954 6554
13078 6554
13082 6554
13138 6554
13202 6554
14744 6554
14986 6554
18892 6554
19148 6554
20822 6554
20828 6554
21332 6554
22732 6554
22868 6554
22936 6554
25174 6554
25286 6554
25414 6554
26828 6554
27206 6554
27274 6554
6558 6558
10970 6558
13086 6558
13266 6558
19404 6558
20830 6558
23380 6558
25302 6558
27462 6558
30924 6558
31128 6558
31370 6558
6598 6598
6806 6598
10586 6598
10844 6598
14428 6598
14534 6598
14662 6598
14786 6598
14876 6598
14932 6598
17308 6598
17354 6598
20938 6598
21142 6598
21386 6598
21442 6598
23174 6598
23188 6598
24922 6598
25244 6598
25372 6598
25496 6598
26954 6598
26968 6598
6602 6602
6812 6602
10698 6602
10908 6602
14674 6602
14676 6602
14680 6602
14870 6602
14918 6602
14982 6602
18890 6602
19100 6602
20934 6602
21190 6602
21394 6602
21396 6602
21400 6602
22726 6602
24924 6602
25180 6602
25370 6602
25418 6602
25482 6602
26716 6602
6604 6604
6810 6604
10650 6604
10956 6604
13126 6604
13140 6604
13194 6604
13208 6604
14738 6604
14874 6604
18844 6604
19146 6604
20940 6604
21078 6604
21330 6604
22620 6604
22872 6604
22932 6604
24918 6604
25292 6604
25366 6604
26822 6604
27210 6604
27270 6604
6606 6606
6814 6606
10714 6606
10972 6606
14802 6606
14878 6606
15174 6606
15188 6606
19356 6606
19402 6606
20942 6606
21206 6606
21458 6606
23444 6606
24926 6606
25308 6606
25374 6606
27466 6606
29578 6606
29592 6606
30812 6606
30918 6606
31064 6606
31366 6606
6614 6614
7062 6614
10846 6614
11098 6614
14542 6614
14556 6614
15132 6614
15298 6614
17358 6614
17372 6614
20954 6614
23182 6614
23252 6614
23434 6614
25246 6614
26958 6614
27096 6614
27544 6614
29018 6614
29334 6614
29468 6614
29634 6614
31046 6614
31316 6614
6616 6616
7064 6616
10894 6616
11146 6616
15122 6616
18638 6616
18652 6616
20948 6616
25166 6616
29012 6616
29254 6616
29458 6616
6618 6618
7068 6618
10910 6618
11210 6618
14808 6618
14990 6618
15126 6618
15186 6618
18894 6618
19164 6618
20950 6618
21460 6618
22734 6618
23448 6618
25182 6618
25422 6618
26844 6618
27530 6618
29020 6618
29382 6618
29466 6618
29586 6618
31060 6618
31302 6618
6620 6620
7066 6620
10958 6620
11162 6620
15130 6620
15242 6620
15250 6620
15256 6620
18908 6620
19150 6620
20956 6620
22748 6620
22996 6620
23000 6620
25294 6620
26830 6620
27214 6620
27278 6620
29014 6620
29270 6620
29462 6620
29510 6620
29522 6620
29524 6620
6622 6622
7070 6622
10974 6622
11226 6622
15134 6622
15314 6622
19406 6622
19420 6622
20958 6622
23508 6622
25310 6622
27470 6622
29022 6622
29398 6622
29470 6622
29650 6622
30926 6622
30940 6622
31192 6622
31374 6622
31558 6622
31572 6622
31626 6622
31640 6622
6854 6854
10588 6854
14422 6854
14666 6854
14996 6854
17306 6854
21148 6854
21382 6854
22978 6854
25034 6854
25432 6854
27164 6854
6858 6858
6860 6858
10652 6858
10700 6858
13130 6858
13144 6858
13190 6858
13204 6858
14740 6858
14922 6858
18842 6858
19098 6858
21084 6858
21196 6858
21336 6858
22614 6858
22866 6858
22930 6858
25030 6858
25036 6858
25478 6858
26710 6858
27158 6858
27162 6858
6862 6862
10716 6862
15178 6862
15252 6862
19354 6862
21212 6862
22994 6862
25038 6862
27166 6862
29528 6862
29574 6862
30806 6862
6870 6870
7110 6870
10590 6870
11100 6870
14430 6870
14550 6870
14670 6870
15060 6870
17310 6870
17370 6870
21150 6870
21390 6870
23430 6870
23490 6870
25050 6870
25560 6870
27420 6870
27480 6870
29130 6870
29340 6870
31050 6870
31170 6870
31260 6870
31380 6870
6874 6874
7116 6874
10654 6874
11212 6874
13134 6874
13198 6874
13268 6874
13272 6874
18846 6874
19162 6874
21086 6874
22622 6874
23378 6874
23384 6874
25046 6874
26838 6874
27414 6874
27526 6874
29132 6874
29388 6874
31122 6874
31124 6874
31258 6874
31306 6874
6876 6876
7114 6876
10702 6876
11164 6876
14804 6876
14926 6876
15192 6876
15238 6876
18906 6876
19102 6876
21198 6876
21464 6876
22742 6876
23442 6876
25052 6876
25486 6876
26718 6876
27418 6876
29126 6876
29276 6876
29514 6876
29588 6876
31058 6876
31254 6876
6878 6878
7118 6878
10718 6878
11228 6878
15182 6878
15316 6878
19358 6878
19418 6878
21214 6878
23506 6878
25054 6878
27422 6878
29134 6878
29404 6878
29582 6878
29656 6878
30814 6878
30934 6878
31186 6878
31262 6878
31562 6878
31576 6878
31622 6878
31636 6878
7126 7126
11102 7126
14558 7126
17374 7126
23438 7126
27608 7126
29146 7126
29342 7126
31054 7126
31444 7126
31516 7126
31682 7126
7128 7128
11150 7128
18654 7128
29140 7128
29262 7128
31506 7128
7130 7130
7132 7130
11166 7130
11214 7130
15246 7130
15320 7130
18910 7130
19166 7130
22750 7130
23512 7130
26846 7130
27534 7130
29142 7130
29148 7130
29278 7130
29390 7130
29518 7130
29652 7130
31188 7130
31310 7130
31510 7130
31514 7130
31570 7130
31634 7130
7134 7134
11230 7134
19422 7134
29150 7134
29406 7134
30942 7134
31518 7134
31566 7134
31630 7134
31698 7134
31700 7134
31704 7134
13142 13142
13210 13142
14746 13142
15002 13142
21334 13142
22876 13142
22940 13142
22988 13142
25430 13142
27334 13142
27338 13142
27340 13142
13146 13146
13206 13146
14748 13146
15050 13146
21340 13146
22870 13146
22938 13146
23244 13146
25542 13146
27084 13146
27222 13146
27290 13146
13148 13148
13212 13148
13254 13148
13258 13148
14742 13148
14796 13148
14938 13148
15052 13148
21338 13148
21452 13148
22874 13148
22934 13148
23126 13148
23132 13148
23194 13148
23242 13148
25494 13148
25548 13148
26966 13148
27034 13148
27036 13148
27078 13148
27226 13148
27286 13148
13150 13150
13214 13150
13270 13150
13274 13150
14750 13150
15066 13150
21342 13150
22878 13150
22942 13150
23382 13150
23388 13150
23500 13150
25558 13150
27350 13150
27354 13150
27478 13150
27590 13150
27596 13150
31130 13150
31132 13150
31180 13150
31386 13150
31434 13150
31436 13150
13260 13260
23130 13260
27030 13260
13262 13262
13276 13262
15308 13262
23134 13262
23258 13262
23386 13262
27038 13262
27094 13262
27542 13262
29644 13262
31126 13262
31322 13262
13278 13278
23390 13278
27606 13278
31134 13278
31450 13278
31692 13278
14678 14678
14682 14678
14684 14678
14794 14678
14934 14678
14998 14678
15004 14678
15046 14678
21398 14678
21402 14678
21404 14678
21446 14678
22982 14678
22986 14678
23196 14678
23238 14678
25434 14678
25436 14678
25498 14678
25546 14678
26972 14678
27082 14678
27228 14678
27292 14678
14686 14686
15062 14686
21406 14686
23494 14686
25562 14686
27484 14686
31178 14686
31388 14686
14790 14790
14940 14790
21450 14790
23190 14790
25500 14790
26970 14790
14798 14798
14806 14798
14942 14798
15068 14798
15196 14798
15302 14798
21454 14798
21466 14798
23198 14798
23254 14798
23446 14798
23498 14798
25502 14798
25564 14798
26974 14798
27098 14798
27482 14798
27548 14798
29596 14798
29642 14798
31066 14798
31174 14798
31324 14798
31382 14798
14810 14810
15006 14810
15190 14810
21462 14810
22990 14810
23452 14810
25438 14810
27356 14810
27594 14810
29594 14810
31068 14810
31430 14810
14812 14812
15054 14812
15194 14812
15254 14812
15260 14812
15306 14812
21468 14812
22998 14812
23002 14812
23246 14812
23260 14812
23450 14812
25550 14812
27086 14812
27100 14812
27230 14812
27294 14812
27546 14812
29530 14812
29532 14812
29590 14812
29638 14812
31062 14812
31318 14812
14814 14814
15070 14814
15198 14814
15318 14814
21470 14814
23454 14814
23502 14814
23510 14814
25566 14814
27486 14814
27610 14814
27612 14814
29598 14814
29658 14814
31070 14814
31182 14814
31194 14814
31390 14814
31446 14814
31452 14814
31580 14814
31644 14814
31686 14814
31690 14814
15258 15258
23004 15258
27342 15258
29526 15258
15262 15262
15322 15262
23006 15262
23516 15262
27358 15262
27598 15262
29534 15262
29654 15262
31196 15262
31438 15262
31574 15262
31642 15262
15310 15310
15324 15310
23262 15310
23514 15310
27102 15310
27550 15310
29646 15310
29660 15310
31190 15310
31326 15310
31578 15310
31638 15310
15326 15326
23518 15326
27614 15326
29662 15326
31198 15326
31454 15326
31582 15326
31646 15326
31694 15326
31702 15326
31706 15326
31708 15326
31710 31710
